# VRP Data - 30 Nodes
# Problem: Waste collection vehicle routing with 30 locations

# Sets
set NODES := 1 2 3 4 5 6 7 8 9 10 11 12 13 14 15 16 17 18 19 20 21 22 23 24 25 26 27 28 29 30;
set VEHICLES := A B C;

# Parameters
param depot_node := 1;           # Node 1 is the depot (starting point)
param checkpoint_node := 30;       # Node 30 is the checkpoint (dump point, no waste)

# Distance Matrix (meters)
param distance :
       1      2      3      4      5      6      7      8      9     10
      11     12     13     14     15     16     17     18     19     20
      21     22     23     24     25     26     27     28     29     30 :=
  1      0    122    261    430    400    326    421    479    516    639
       822   1000    355    299    505    469    597    687    912   1097
      1198   1283   1076   1180    937   1032   1132    859    956    776
  2    122      0    138    308    442    368    463    522    558    681
       864   1042    325    268    547    438    639    729    954   1139
      1240   1325   1118   1222    979   1074   1174    901    998    818
  3    261    138      0    169    580    506    601    660    696    819
      1003   1180    463    407    685    577    777    867   1093   1277
      1378   1463   1257   1360   1118   1212   1313   1040   1136    956
  4    430    308    169      0    306    490    586    644    681    804
       987   1165    632    576    670    746    762    851   1077   1262
      1363   1448   1241   1345   1102   1197   1297   1024   1120    941
  5    400    442    580    306      0    185    280    338    375    498
       681    859    675    618    364    535    456    546    771    956
      1057   1142    935   1039    796    891    991    718    815    635
  6    326    368    506    490    185      0     95    154    190    313
       607    785    601    544    179    350    271    361    697    882
       983   1068    752    856    613    707    808    534    630    450
  7    421    463    601    586    280     95      0    209     95    218
       702    880    696    639     84    255    176    266    792    977
      1078   1163    657    761    518    612    713    439    535    355
  8    479    522    660    644    338    154    209      0    114    151
       330    874    330    698    228    399    320    419    420    635
       637    722    584    688    445    540    640    583    679    499
  9    516    558    696    681    375    190     95    114      0    123
       302    845    216    735    127    298    219    391    392    607
       609    694    556    660    417    511    612    592    689    398
 10    639    681    819    804    498    313    218    151    123      0
       179    723    339    982    249    420    341    268    269    484
       486    571    433    537    294    389    489    469    566    520
 11    822    864   1003    987    681    607    702    330    302    179
         0    145   1097   1041    786    957    878    327    279    241
       342    427    477    559    353    447    548    528    625    699
 12   1000   1042   1180   1165    859    785    880    874    845    723
       145      0   1275   1219    964   1135   1056    533    135     97
       198    283    332    414    376    471    656    551    648    722
 13    355    325    463    632    675    601    696    330    216    339
      1097   1275      0    166    205    208    297    387    966   1151
      1252   1336    778    882    639    733    834    560    656    476
 14    299    268    407    576    618    544    639    698    735    982
      1041   1219    166      0    723    170    435    905   1131   1316
      1417   1501    830    934    692    786    887    612    709    529
 15    505    547    685    670    364    179     84    228    127    249
       786    964    205    723      0    171     92    182    586    624
       626    711    573    677    434    528    629    355    451    271
 16    469    438    577    746    535    350    255    399    298    420
       957   1135    208    170    171      0    182    272    677    714
       716    801    663    767    524    619    719    445    541    361
 17    597    639    777    762    456    271    176    320    219    341
       878   1056    297    435     92    182      0    193    494    532
       534    619    481    585    342    436    537    263    359    179
 18    687    729    867    851    546    361    266    419    391    268
       327    533    387    905    182    272    193      0    221    436
       438    523    385    489    246    340    441    421    518    372
 19    912    954   1093   1077    771    697    792    420    392    269
       279    135    966   1131    586    677    494    221      0    133
       234    319    369    451    247    341    442    422    519    593
 20   1097   1139   1277   1262    956    882    977    635    607    484
       241     97   1151   1316    624    714    532    436    133      0
       101    186    235    317    279    374    560    454    551    625
 21   1198   1240   1378   1363   1057    983   1078    637    609    486
       342    198   1252   1417    626    716    534    438    234    101
         0     85    237    216    282    376    459    456    636    627
 22   1283   1325   1463   1448   1142   1068   1163    722    694    571
       427    283   1336   1501    711    801    619    523    319    186
        85      0    322    132    366    474    374    642    551    712
 23   1076   1118   1257   1241    935    752    657    584    556    433
       477    332    778    830    573    663    481    385    369    235
       237    322      0    471    228    323    423    403    500    574
 24   1180   1222   1360   1345   1039    856    761    688    660    537
       559    414    882    934    677    767    585    489    451    317
       216    132    471      0    243    148    148    316    225    591
 25    937    979   1118   1102    796    613    518    445    417    294
       353    376    639    692    434    524    342    246    247    279
       282    366    228    243      0     94    195    175    272    435
 26   1032   1074   1212   1197    891    707    612    540    511    389
       447    471    733    786    528    619    436    340    341    374
       376    474    323    148     94      0    101    168    178    530
 27   1132   1174   1313   1297    991    808    713    640    612    489
       548    656    834    887    629    719    537    441    442    560
       459    374    423    148    195    101      0    268    177    443
 28    859    901   1040   1024    718    534    439    583    592    469
       528    551    560    612    355    445    263    421    422    454
       456    642    403    316    175    168    268      0    345    175
 29    956    998   1136   1120    815    630    535    679    689    566
       625    648    656    709    451    541    359    518    519    551
       636    551    500    225    272    178    177    345      0    180
 30    776    818    956    941    635    450    355    499    398    520
       699    722    476    529    271    361    179    372    593    625
       627    712    574    591    435    530    443    175    180      0
;

# General Waste Demand (kilograms)
param general_demand :=
    1      15
    2      20
    3       0
    4      40
    5     170
    6       5
    7      24
    8     120
    9      60
   10      16
   11      30
   12       8
   13       7
   14       2
   15      19
   16      10
   17      17
   18      10
   19      15
   20      11
   21       3
   22       3
   23      21
   24      18
   25      12
   26      20
   27      10
   28      19
   29      23
   30       0   # Depot has no waste
;

# Recyclable Waste Demand (kilograms)
param recycle_demand :=
    1       5
    2       0
    3       0
    4       4
    5      12
    6       1
    7       4
    8       6
    9       5
   10       1
   11       1
   12       0
   13       0
   14       0
   15       3
   16       0
   17       2
   18       0
   19       0
   20       0
   21       0
   22       0
   23       4
   24       0
   25       0
   26       3
   27       0
   28       0
   29       3
   30       0   # Depot has no waste
;

# Vehicle Capacity - General Waste (kilograms)
param general_capacity :=
  A 2000
  B 2000
  C 2000
;

# Vehicle Capacity - Recyclable Waste (kilograms)
param recycle_capacity :=
  A 200
  B 200
  C 200
;

# Fixed Cost per Vehicle (THB per vehicle)
param fixed_cost :=
  A 2400
  B 2400
  C 2400
;

# Fuel Cost per kilometer (THB per km)
param fuel_cost_per_km :=
  A 8
  B 8
  C 9
;

# Maximum number of vehicles available
param num_vehicles := 8;

# End of data file